61  60,67
60  61,58,52,50,63,65,35,36,38,56
56  60,35
38  60,35
36  60,35
58  60,67
50  60,67
52  60,67
63  60,67
65  60,67
35  56,38,36,60,53,67,31,37,49,39,41,34,30,29,28,33
53  67,35
31  67,35
37  67,35
49  67,35
67  61,58,52,50,63,65,53,35,31,37,49,32,27
39  35,32
41  35,32
34  35,32
32  34,41,39,67,46
46  32,27
27  67,46,33,43,28,29,30,48,45,23
62  45,26
30  35,40,27,48
40  30,29
51  45,42
47  28,43
28  35,47,27
29  40,35,27
33  35,27
45  62,51,27,68
48  30,27
43  47,27
42  51,66,54,64
66  42,23
68  45,23
54  42,23
64  42,26
57  23,26
26  62,64,57,44
44  23,26
23  44,57,54,66,68,27
